cargo run
Part1 "6,0,6,3,0,2,3,1,6"
140737488355328 got  [6, 6, 6, 6, 6, 6, 6, 6, 6, 6, 6, 6, 6, 6, 4, 5]
140737488355328 want [2, 4, 1, 3, 7, 5, 0, 3, 1, 5, 4, 4, 5, 5, 3, 0]
211106232532992 got  [6, 6, 6, 6, 6, 6, 6, 6, 6, 6, 6, 6, 6, 6, 2, 2]
211106232532992 want [2, 4, 1, 3, 7, 5, 0, 3, 1, 5, 4, 4, 5, 5, 3, 0]
281474976710656 got  [6, 6, 6, 6, 6, 6, 6, 6, 6, 6, 6, 6, 6, 6, 0, 0]
281474976710656 want [2, 4, 1, 3, 7, 5, 0, 3, 1, 5, 4, 4, 5, 5, 3, 0]
351843720888320 got  [6, 6, 6, 6, 6, 6, 6, 6, 6, 6, 6, 6, 6, 6, 6, 7, 7]
351843720888320 want [2, 4, 1, 3, 7, 5, 0, 3, 1, 5, 4, 4, 5, 5, 3, 0]
422212465065984 got  [6, 6, 6, 6, 6, 6, 6, 6, 6, 6, 6, 6, 6, 6, 4, 1, 7]
422212465065984 want [2, 4, 1, 3, 7, 5, 0, 3, 1, 5, 4, 4, 5, 5, 3, 0]
492581209243648 got  [6, 6, 6, 6, 6, 6, 6, 6, 6, 6, 6, 6, 6, 6, 2, 2, 7]
492581209243648 want [2, 4, 1, 3, 7, 5, 0, 3, 1, 5, 4, 4, 5, 5, 3, 0]
562949953421312 got  [6, 6, 6, 6, 6, 6, 6, 6, 6, 6, 6, 6, 6, 6, 0, 0, 7]
562949953421312 want [2, 4, 1, 3, 7, 5, 0, 3, 1, 5, 4, 4, 5, 5, 3, 0]
633318697598976 got  [6, 6, 6, 6, 6, 6, 6, 6, 6, 6, 6, 6, 6, 6, 6, 4, 5]
633318697598976 want [2, 4, 1, 3, 7, 5, 0, 3, 1, 5, 4, 4, 5, 5, 3, 0]
fail 0
Part2 633318697598975
